snp_id	position	iHS	XPEHH	iHH	DAF	Fst
rs1395681	10873592	NaN	NaN	NaN	NaN	0.8912314725409011
rs28578587	10881456	NaN	NaN	NaN	NaN	0.9479374149659865
rs2775537	14601415	-0.3243556875034168	1.1662139127093074	-0.5596512481688182	0.06000000000000005	0.3312571085216421
rs117793173	14622336	0.513382123798503	-0.15981772341195946	-0.8467077092927484	-0.36	0.32646887137693353
rs1148737	14669931	0.8775839256475132	-0.7294711737552951	-0.5636271956653769	-0.4	0.3397333292291275
rs2775793	14762190	NaN	-0.3271100253672406	NaN	0.02	0.8648778136625884
rs77585460	14771793	-0.29106204000229885	-0.779362893064471	-0.9234317851141569	-0.8400000000000001	0.6095249844324605
rs2747267	14773871	-1.2621793336016045	-0.2535786321177408	1.1644329736024592	-0.04	0.8738848669483846
rs2747265	14775085	-1.8810054057789931	0.6900233566339814	2.2989502800793624	-0.46	0.6688641670100262
rs446549	14781959	-1.2556015858290273	-0.5786437423658572	1.170003175725181	0.27999999999999997	0.21919127499484636
rs431133	14785028	0.9994509542886338	0.2085535466792227	-0.5701843804922202	0.84	0.7351401707179689
rs2821870	14818410	0.8343312058203216	-0.1457109497909917	-0.056362149390256584	0.12	0.15671917889962997
rs13047108	14880003	NaN	-2.2764645225030384	NaN	0.34	0.4433541995351756
rs144165180	14882965	0.5172819730321859	0.06103255166929881	-0.8229710337723194	-0.060000000000000005	0.04110644257703082
rs117062102	14931069	-0.16912843600423094	1.1372421599182212	-0.7542170785510393	0.0	-0.013713136969827488
kgp7953532	14936462	1.4413023061324133	1.987094134766563	0.4637661510399301	-0.04000000000000001	0.5273453609171659
kgp22800804	15048473	NaN	NaN	3.42396765703383	NaN	NaN
kgp22730938	15078794	0.3660544178895081	NaN	0.9501696516280266	NaN	NaN
kgp22752242	15152522	0.4111078196821194	NaN	0.19459697439027498	NaN	NaN
kgp22784997	15168847	0.8158926519064782	NaN	1.278045251103744	NaN	NaN
rs2822127	15170635	0.5951896904419423	NaN	-0.5166643536224398	NaN	NaN
rs2207835	15212272	NaN	-0.9288941108190027	NaN	NaN	0.23529097431322246
rs3115511	15214708	NaN	-2.308696898974104	NaN	NaN	0.45670793569953233
rs3115512	15215814	NaN	-2.416177966934365	NaN	NaN	0.7936040816326532
rs1888394	15238121	NaN	-0.5268171071148088	NaN	NaN	0.7354081632653061
rs8134986	15331478	NaN	-0.5305733987782286	NaN	NaN	0.48618568897751835
rs2822340	15335070	NaN	0.32745771684128616	NaN	NaN	0.6036521400529455
rs1297083	15372509	NaN	1.0848426057446001	NaN	0.62	0.4561016325722207
rs1297084	15372877	0.39701267707338705	2.995681230956517	-0.8050436244236004	-0.7	0.4872311326619421
rs7278536	15375507	NaN	-0.904799621624442	NaN	-0.54	0.5912725072927846
rs1297100	15384535	NaN	-0.1327540162726174	NaN	-0.58	0.5974281902913968
rs1297102	15384814	NaN	0.674180181258897	NaN	NaN	0.8369716045622227
rs111559416	15393081	0.7508854950954461	0.5929518459786586	-0.8806288392008856	0.04000000000000001	0.0526158346074586
rs74563451	15397562	NaN	0.14350042151863535	NaN	0.16	0.09673358902725819
rs117048991	15402833	-0.31123022531326006	0.22846478528015937	-0.38935082328045073	-0.039999999999999994	-0.0030189928320321596
21:38855869:T:TTTTTG	15407163	-0.2519068560885938	NaN	-0.3068477532271474	NaN	NaN
rs2155966	15409400	NaN	0.14160235156370055	NaN	0.24	0.22547619047619027
rs2822391	15412399	NaN	0.10591892885821207	NaN	0.44	0.7164803623714858
rs77288521	15412546	-0.11850063666878174	0.20671000950352378	-0.7349808562933959	0.0	0.7351401707179688
rs75601577	15414004	-1.9590061022482599	0.20546263865296382	-0.02287715202169729	-0.22	0.14394571057995173
rs7276301	15417667	-1.483692285419275	0.20707600073435012	-0.4948497172077041	-0.15999999999999998	0.19576326719183862
rs7275446	15417795	-1.9110929403431585	0.2077612381157311	1.8572152205895889	-0.04000000000000001	0.014172335600907025
rs4816917	15420732	NaN	0.21275671204197058	NaN	NaN	0.4144964982661318
rs34848403	15423382	NaN	-0.22761868436964622	NaN	-0.76	0.8033659863945578
rs9983190	15423628	0.782734785553735	0.21345778529682768	-0.8798508112557242	0.08000000000000002	0.0031847427317810615
rs2000701	15423737	NaN	0.2131944593838264	NaN	NaN	0.8261224489795919
rs2155965	15424368	-0.7175514601676366	0.21531289315736077	-0.31705502143429726	0.08000000000000002	0.016071572453008283
21:22220906:G:GTTGTTTGT	15430004	-1.874304835217814	NaN	1.932593737409322	NaN	NaN
21:22220906:GTTGTTTGTTTGT:G	15430004	-0.5487882142625232	NaN	-0.515363786954515	NaN	NaN
rs117422362	15435740	1.5806997497174105	NaN	-0.5411503601413384	NaN	NaN
rs12483418	15442979	1.5307021384447828	NaN	-0.5541383379434012	NaN	NaN
rs7276946	15468627	0.6780237361997622	NaN	-0.8472006341735568	NaN	NaN
rs62208600	15469288	0.00885962351518315	NaN	-0.45330540880858233	NaN	NaN
rs4539869	15479537	-0.28603941590247106	NaN	-0.31663807417377937	NaN	NaN
rs7279700	15481234	1.6496791365234282	NaN	0.10613759210155355	NaN	NaN
rs7278737	15481365	0.15671211236545296	NaN	-0.6385492313174336	NaN	NaN
rs1556276	15482605	-0.7615970395336181	NaN	0.5146038113742795	NaN	NaN
rs8131606	15490971	1.382046301624631	NaN	-0.29691741234496133	NaN	NaN
rs2403729	15491560	-1.1037473623820346	NaN	1.0250375558348948	NaN	NaN
rs2155971	15493361	-0.27401758461655923	NaN	-0.320913739468927	NaN	NaN
rs11701216	15494781	0.4851509291128793	NaN	-0.8918205008944639	NaN	NaN
rs2032283	15494955	0.010723693017833703	NaN	-0.5582210132772077	NaN	NaN
